 id | item_id | voter_id | submitted_rank 
----+---------+----------+----------------
  1 |       1 |        1 |              1
  2 |       1 |        2 |              1
  3 |       1 |        3 |              1
  4 |       2 |        1 |              2
  5 |       2 |        2 |              2
  6 |       2 |        3 |              2
  7 |       3 |        1 |              3
  8 |       3 |        2 |              3
  9 |       3 |        3 |              3
 10 |       4 |        4 |              1
 11 |       4 |        5 |              2
 12 |       4 |        6 |              3
 13 |       5 |        4 |              2
 14 |       5 |        5 |              1
 15 |       5 |        6 |              1
 16 |       6 |        4 |              3
 17 |       6 |        5 |              3
 18 |       6 |        6 |              2
 19 |       7 |        7 |              1
 20 |       7 |        8 |              1
 21 |       7 |        9 |              1
 22 |       7 |       10 |              3
 23 |       7 |       11 |              3
 24 |       7 |       12 |              3
 25 |       8 |        7 |              2
 26 |       8 |        8 |              2
 27 |       8 |        9 |              2
 28 |       8 |       10 |              1
 29 |       8 |       11 |              1
 30 |       8 |       12 |              2
 31 |       9 |        7 |              3
 32 |       9 |        8 |              3
 33 |       9 |        9 |              3
 34 |       9 |       10 |              2
 35 |       9 |       11 |              2
 36 |       9 |       12 |              1
(36 rows)

